4
4
4
4
4
4
4
4
5
5
5
5
5
5
5
6
6
6
7
8
8
8
8
8
8
9
9
9
9
10
10
11
13
13
14
14
16
16
16
17
17
18
19
21
21
22
22
25
25
26
27
28
29
32
34
34
35
35
39
40
41
45
45
49
53
55
56
57
60
62
67
69
72
75
79
88
90
92
97
98
105
109
113
118
125
136
139
140
144
145
151
159
165
169
177
188
192
193
198
200
203
207
216
222
226
240
247
250
252
255
257
259
265
266
267
269
272
273
275
275
277
277
280
280
281
282
282
283
283
283
284
284
285
286
286
286
284
283
280
280
278
278
277
277
275
272
266
261
258
254
252
245
240
235
231
225
218
210
204
199
198
194
189
185
180
173
157
145
137
133
126
123
117
108
108
103
95
90
88
82
82
74
74
69
68
67
61
61
61
61
59
56
55
54
53
51
48
49
49
46
46
44
43
43
44
44
44
44
45
46
47
46
46
47
47
47
47
46
45
46
46
47
48
48
46
46
48
48
48
48
47
47
49
51
52
54
55
56
56
56
57
56
55
55
55
56
56
57
58
59
60
62
67
67
68
68
68
70
70
69
69
72
73
74
77
78
78
79
79
79
80
79
80
79
81
84
87
88
88
88
89
89
95
96
98
98
101
101
101
104
104
105
106
109
110
110
111
111
110
110
110
110
110
110
112
110
111
110
109
111
112
113
114
116
118
116
116
115
113
113
114
115
113
113
116
117
116
116
117
117
116
115
115
115
113
113
111
109
107
106
104
102
102
102
101
100
98
98
99
98
99
97
96
95
95
94
95
95
94
95
94
96
94
93
89
88
89
89
86
86
87
88
89
89
88
86
86
82
80
79
79
78
78
76
77
75
75
74
74
74
75
75
73
73
73
73
72
72
70
69
69
70
70
71
70
68
67
68
68
67
67
68
69
68
70
70
71
70
68
67
69
67
67
64
65
64
62
62
61
61
62
61
59
58
59
58
57
58
59
59
61
60
59
60
60
60
58
58
61
61
61
64
64
64
64
67
69
69
71
72
72
74
74
74
74
73
73
73
74
75
76
76
76
77
79
77
78
78
77
78
78
77
78
79
81
82
84
84
85
85
84
84
84
82
81
82
82
83
83
81
84
85
84
84
84
84
85
87
88
87
85
85
86
87
87
88
88
87
86
86
85
82
81
80
80
80
80
80
83
81
81
80
79
79
78
77
79
78
78
80
79
79
77
76
77
75
74
74
75
77
76
76
76
76
77
77
75
76
75
76
75
75
73
73
72
73
74
74
74
75
75
76
76
76
75
74
74
73
73
73
74
77
77
77
78
79
79
76
77
78
80
81
80
81
80
82
83
83
81
80
78
